4686199
171200
241300
264301
202801
89900
103000
124600
133000
127901
139001
117901
142999
124800
187000
162601
127400
80899
152700
164299
156200
407700
92900
87599
77400
83600
81399
77400
71900
93501
53600
100299
101199
93100
155100
101400
168200
196300
105000
126900
99901
91700
107600
115200
119801
132600
79200
129800
147700
137700
208000
153000
132699
89001
127600
130600
141300
133300
96200
141600
114000
132901
161400
203600
156899
2715401
212901
645900
211600
212000
191000
896601
210300
175599
176900
204000
176800
243899
206600
236199
214900
197300
221100
325300
244900
219500
265200
299601
276200
362600
149099
151200
148901
164399
350800
150400
152100
170000
283500
271201
250100
218199
290500
249601
214300
237600
245399
250699
234199
246000
256801
166900
168700
166800
251200
177900
284500
257101
273100
285200
292099
218899
322000
280800
284901
284000
217000
402700
304100
288799
315300
196501
249400
202100
381600
320299
210500
210700
339000
332399
451099
488800
344000
354100
210400
215301
328001
295100
331200
348401
227400
312399
234100
354801
252300
230300
228300
360700
343500
248400
360999
238400
258201
307700
405301
252401
248100
247500
251700
264300
265000
450900
325299
413700
268400
417700
409601
263300
393800
267700
409499
265900
267400
272900
426301
271900
300700
291000
286000
321600
276100
279401
279600
273700
277600
280400
324200
282800
282800
335800
