97900
208800
201300
211801
396600
345200
437901
450700
693001
801601
885399
1195501
1457501
1341199
1558800
747299
567900
503700
1024400
935400
1073401
1082899
1292400
1413800
1510001
1643500
641100
828700
516200
737400
529299
591099
926900
882701
1215600
978599
1008800
2301601
1145800
1110599
1074100
692500
935100
834699
1229101
1277201
986900
983499
978701
946900
808700
663201
729100
1343200
1134400
869600
857500
1445599
1415499
1411999
1780299
1431300
1700701
3656100
2092299
3916400
3712301
5849800
1867200
2230700
3626100
2285100
2445900
2530000
1860399
2221700
2802799
4788400
1998401
4696200
2779700
3570100
2543800
2691901
2946800
2724800
2515300
3227400
3145900
3787499
2028700
1985900
2051800
2141999
3473600
2166300
2155900
2733200
3698000
4460200
4236201
3101700
5238601
3517199
3429600
4463600
4423700
5494500
3920699
3354700
4725700
3770100
2916200
3633101
3019899
4819700
5601301
5672300
7376500
7072200
3720100
6576099
5923400
6058801
7444401
6783000
5377199
6362700
7321101
7597601
4980601
3995600
9215399
5310100
10613600
7777599
6812401
5626901
4834500
6100499
9874100
8845900
7765000
4837101
4780600
6064800
6504300
11088100
7788301
5690801
5445800
6989200
5765199
7679299
7801101
6373101
9808200
7043700
8982100
7205100
10968900
10052900
8610600
11291100
10134899
10388100
7514500
7491501
6632400
7077400
7990400
8953300
8868400
8131600
9650100
10502800
10725800
9350500
12817300
9002800
13233899
7546999
7690701
8727600
8539500
8067600
7947600
7951801
7970801
7995700
8133600
8186001
8411899
8949801
8934700
9102500
8853900
9038201
9192899
10621900
