92700
124500
68099
100700
167901
164800
190900
182299
203000
132000
102200
115400
182600
133400
88700
159700
129500
132700
185200
200899
212000
315401
214399
368501
283400
306700
298400
253399
339099
226601
332200
271100
342500
386300
369800
345601
358800
475501
347300
439200
320600
454700
376500
185900
161200
137200
201300
245100
198300
178299
172800
167001
158600
194100
206801
196400
154100
166201
260200
229400
250599
242300
251101
271701
297301
301201
436299
283599
566800
372300
346800
376200
317100
364800
332599
352201
401401
396600
344200
340200
344000
386299
350800
312000
336300
358200
437000
404800
368100
410500
388200
270100
266100
2496199
198000
254501
283601
369500
325199
344000
345900
225800
293300
276401
343901
342500
364899
353401
247801
360801
258201
238201
298800
376999
236299
394200
374300
500400
444000
384501
286700
385201
375600
425999
417800
408800
383800
426300
368401
275001
262800
388000
319700
295100
380500
301300
278500
489900
484099
325599
506799
433800
468900
310901
323000
316200
498800
685300
509200
323300
329100
437000
330100
316200
332900
319301
507400
534299
333000
343101
533299
433300
453400
779399
470600
484100
493000
549900
526200
451601
534400
499999
751401
577600
781700
655699
746001
531300
558100
482800
484301
474999
491100
761500
2376601
378400
389600
372200
388701
393300
422800
380300
479300
434500
418100
483100
440700
446301
416300
410299
